0 0.958594 0.791406 0.032813 0.076563
0 0.993750 0.892969 0.012500 0.135937
0 0.010156 0.693750 0.020313 0.140625
0 0.040625 0.603125 0.065625 0.096875
0 0.221875 0.607812 0.071875 0.093750
0 0.289062 0.589844 0.062500 0.110937
0 0.159375 0.782031 0.043750 0.110937
0 0.430469 0.742188 0.035937 0.093750
0 0.092188 0.758594 0.031250 0.079687
0 0.628906 0.563281 0.082812 0.089063
0 0.543750 0.607812 0.071875 0.184375
0 0.560156 0.815625 0.076563 0.175000
0 0.482812 0.772656 0.040625 0.148438
0 0.439063 0.583594 0.093750 0.129688
0 0.355469 0.591406 0.051562 0.126562
0 0.219531 0.863281 0.039062 0.120313
0 0.432812 0.841406 0.043750 0.089063
0 0.785156 0.895312 0.035937 0.175000
0 0.877344 0.879687 0.110937 0.150000
0 0.639844 0.757812 0.042188 0.187500