0 0.272656 0.256250 0.085938 0.118750
0 0.428906 0.428125 0.026562 0.034375
0 0.431250 0.510156 0.046875 0.026562
0 0.217969 0.583594 0.032813 0.035937
0 0.859375 0.675781 0.125000 0.060937
0 0.928906 0.846094 0.045312 0.054688
0 0.935156 0.764844 0.085938 0.082812
0 0.970313 0.685937 0.034375 0.040625
0 0.887500 0.589063 0.090625 0.050000
0 0.783594 0.610156 0.032813 0.039062
0 0.967187 0.500000 0.031250 0.034375
0 0.994531 0.623437 0.010937 0.043750
0 0.364844 0.948438 0.032813 0.028125
0 0.334375 0.903125 0.043750 0.034375
0 0.571875 0.558594 0.031250 0.042188
0 0.635938 0.236719 0.040625 0.060937
0 0.527344 0.282031 0.035937 0.042188
0 0.089063 0.453125 0.037500 0.043750
0 0.014063 0.406250 0.028125 0.040625
0 0.007812 0.341406 0.015625 0.039062
0 0.415625 0.282031 0.043750 0.054688
0 0.215625 0.333594 0.062500 0.039062
0 0.160938 0.474219 0.046875 0.039062